=== ACCEL LOG ===
2025-12-04T21:25:12.822460; -5.615; 0.680; 7.892
2025-12-04T21:25:12.641715; -5.890; 0.620; 8.303
2025-12-04T21:25:12.460529; -5.629; 1.267; 8.054
2025-12-04T21:25:12.281367; -5.450; 1.767; 7.765
2025-12-04T21:25:12.101272; -5.608; 1.475; 7.992
2025-12-04T21:25:11.918081; -5.804; 1.013; 8.303
2025-12-04T21:25:11.738287; -5.454; 0.991; 7.690
2025-12-04T21:25:11.558823; -5.531; 0.764; 7.710
2025-12-04T21:25:11.377279; -5.981; 0.457; 8.349
2025-12-04T21:25:11.194365; -5.830; 0.953; 8.282
2025-12-04T21:25:11.014494; -5.363; 1.623; 7.686
2025-12-04T21:25:10.832792; -5.596; 1.621; 7.990
2025-12-04T21:25:10.653336; -5.912; 1.101; 8.421
2025-12-04T21:25:10.475075; -5.550; 1.006; 7.825
2025-12-04T21:25:10.288813; -5.404; 0.919; 7.561
2025-12-04T21:25:10.107956; -5.845; 0.304; 8.179
2025-12-04T21:25:09.925275; -5.945; 0.646; 8.481
2025-12-04T21:25:09.746151; -5.493; 1.549; 7.920
2025-12-04T21:25:09.569684; -5.533; 1.686; 7.944
2025-12-04T21:25:09.385051; -5.955; 1.125; 8.478
2025-12-04T21:25:09.207025; -5.732; 0.970; 8.033
2025-12-04T21:25:09.025775; -5.315; 1.286; 7.307
2025-12-04T21:25:08.844752; -5.691; 0.381; 7.894
2025-12-04T21:25:08.666321; -6.074; 0.007; 8.658
2025-12-04T21:25:08.485708; -5.567; 1.128; 8.062
2025-12-04T21:25:08.304497; -5.291; 2.004; 7.540
2025-12-04T21:25:08.123373; -5.816; 1.523; 8.256
2025-12-04T21:25:07.943525; -5.828; 0.675; 8.363
2025-12-04T21:25:07.762924; -5.373; 0.917; 7.470
2025-12-04T21:25:07.581387; -5.481; 0.927; 7.465
2025-12-04T21:25:07.396952; -6.165; 0.153; 8.624
2025-12-04T21:25:07.217468; -5.895; 0.426; 8.497
2025-12-04T21:25:07.034867; -5.351; 1.281; 7.889
2025-12-04T21:25:06.857625; -5.775; 1.439; 8.335
2025-12-04T21:25:06.675459; -6.003; 1.130; 8.710
2025-12-04T21:25:06.496183; -5.497; 1.271; 7.631
2025-12-04T21:25:06.312923; -5.179; 0.929; 7.271
2025-12-04T21:25:06.137121; -6.082; -0.448; 8.548
2025-12-04T21:25:05.954946; -6.120; 0.170; 8.837
2025-12-04T21:25:05.772620; -5.272; 1.781; 7.650
2025-12-04T21:25:05.592261; -5.461; 1.889; 8.016
2025-12-04T21:25:05.407493; -6.278; 0.802; 8.950
2025-12-04T21:25:05.231946; -6.041; 0.639; 8.026
2025-12-04T21:25:05.049522; -5.136; 1.463; 6.706
2025-12-04T21:25:04.868150; -5.761; 0.359; 8.181
2025-12-04T21:25:04.688277; -6.304; -0.869; 9.429
2025-12-04T21:25:04.505747; -5.586; 0.469; 8.490
2025-12-04T21:25:04.325289; -5.414; 2.006; 7.418
2025-12-04T21:25:04.144852; -6.015; 2.212; 8.141
2025-12-04T21:25:03.964488; -6.228; 1.140; 8.440
2025-12-04T21:25:03.782946; -5.234; 0.275; 7.616
2025-12-04T21:25:03.601868; -5.330; 0.421; 7.712
2025-12-04T21:25:03.422719; -6.220; -0.247; 9.170
2025-12-04T21:25:03.242599; -5.919; 0.127; 8.619
2025-12-04T21:25:03.061089; -5.414; 1.053; 7.231
2025-12-04T21:25:02.878814; -5.804; 1.341; 8.804
2025-12-04T21:25:02.698109; -6.192; 1.456; 9.584
2025-12-04T21:25:02.518782; -5.478; 1.413; 7.875
2025-12-04T21:25:02.338737; -5.148; 0.505; 6.326
2025-12-04T21:25:02.159919; -6.613; -1.389; 8.224
2025-12-04T21:25:01.977410; -6.388; -0.177; 9.479
2025-12-04T21:25:01.795147; -4.432; 2.351; 8.088
2025-12-04T21:25:01.613790; -5.303; 2.354; 7.870
2025-12-04T21:25:01.434621; -7.621; -0.479; 7.161