=== ACCEL LOG ===
2025-12-09T08:31:56.388469; 4.441; 3.005; 9.992
2025-12-09T08:31:56.354259; 0.598; 1.799; 10.217
2025-12-09T08:31:56.324387; 0.120; 1.522; 9.997
2025-12-09T08:31:56.295526; 1.086; 1.828; 9.552
2025-12-09T08:31:56.254660; 1.015; 1.847; 9.504
2025-12-09T08:31:56.227359; 1.287; 1.780; 9.811
2025-12-09T08:31:56.188596; 1.196; 1.809; 9.590
2025-12-09T08:31:56.153776; 1.225; 1.804; 9.595
2025-12-09T08:31:56.132295; 1.134; 1.842; 9.523
2025-12-09T08:31:56.095188; 1.230; 1.852; 9.705
2025-12-09T08:31:56.058673; 1.034; 1.991; 9.581
2025-12-09T08:31:56.029492; 1.172; 1.646; 9.768
2025-12-09T08:31:55.989931; 1.283; 1.809; 9.543
2025-12-09T08:31:55.958822; 0.895; 1.689; 10.342
2025-12-09T08:31:55.931698; 1.153; 1.833; 9.404
2025-12-09T08:31:55.900756; 1.125; 1.804; 9.504
2025-12-09T08:31:55.874206; 1.196; 1.823; 9.581
2025-12-09T08:31:55.844788; 1.182; 1.785; 9.485
2025-12-09T08:31:55.809332; 1.158; 1.876; 9.610
2025-12-09T08:31:55.775673; 1.192; 1.780; 9.638
2025-12-09T08:31:55.740123; 1.172; 1.795; 9.533
2025-12-09T08:31:55.718914; 1.077; 1.804; 9.624
2025-12-09T08:31:55.692913; 1.168; 1.833; 9.586
2025-12-09T08:31:55.668638; 1.144; 1.795; 9.614
2025-12-09T08:31:55.643017; 1.153; 1.785; 9.629
2025-12-09T08:31:55.622032; 1.105; 1.790; 9.634
2025-12-09T08:31:55.590905; 1.201; 1.795; 9.567
2025-12-09T08:31:55.559108; 1.134; 1.799; 9.600
2025-12-09T08:31:55.523758; 1.144; 1.842; 9.614
2025-12-09T08:31:55.493045; 1.101; 1.771; 9.643
2025-12-09T08:31:55.459783; 1.230; 1.785; 9.657
2025-12-09T08:31:55.429502; 1.129; 1.842; 9.624
2025-12-09T08:31:55.401276; 1.086; 1.795; 9.610
2025-12-09T08:31:55.379604; 1.072; 1.804; 9.634
2025-12-09T08:31:55.344036; 1.120; 1.785; 9.595
2025-12-09T08:31:55.304464; 1.134; 1.785; 9.557
2025-12-09T08:31:55.276010; 1.134; 1.790; 9.600
2025-12-09T08:31:55.255708; 1.072; 1.814; 9.614
2025-12-09T08:31:55.228704; 1.172; 1.790; 9.552
2025-12-09T08:31:55.197627; 1.134; 1.785; 9.614
2025-12-09T08:31:55.165157; 1.091; 1.804; 9.624
2025-12-09T08:31:55.140501; 1.091; 1.828; 9.619
2025-12-09T08:31:55.116449; 1.115; 1.790; 9.543
2025-12-09T08:31:55.093420; 1.101; 1.795; 9.657
2025-12-09T08:31:55.068; 1.086; 1.799; 9.552
2025-12-09T08:31:55.036860; 1.120; 1.771; 9.624
2025-12-09T08:31:54.986231; 1.187; 1.838; 9.605
2025-12-09T08:31:54.964073; 1.048; 1.756; 9.634
2025-12-09T08:31:54.943793; 1.053; 1.699; 9.643
2025-12-09T08:31:54.909341; 1.216; 1.857; 9.729
2025-12-09T08:31:54.872078; 1.082; 1.732; 9.595
2025-12-09T08:31:54.844610; 1.082; 1.823; 9.629
2025-12-09T08:31:54.816; 1.182; 1.728; 9.423
2025-12-09T08:31:54.786224; 1.034; 1.756; 10.227
2025-12-09T08:31:54.755779; 1.584; 1.814; 8.451
2025-12-09T08:31:54.729713; 1.335; 1.718; 9.509
2025-12-09T08:31:54.699546; 0.048; 1.397; 11.433
2025-12-09T08:31:54.651388; 1.354; 1.929; 9.141
2025-12-09T08:31:54.630749; 1.297; 1.833; 9.241
2025-12-09T08:31:54.594159; 1.287; 1.799; 9.523
2025-12-09T08:31:54.554164; 1.225; 1.890; 9.638
2025-12-09T08:31:54.534105; 1.225; 1.847; 9.576
2025-12-09T08:31:54.513473; 1.273; 1.838; 9.581
2025-12-09T08:31:54.481517; 1.120; 1.852; 9.610
2025-12-09T08:31:54.448371; 1.235; 1.799; 9.547
2025-12-09T08:31:54.428133; 1.306; 1.828; 9.614
2025-12-09T08:31:54.398618; 1.263; 1.866; 9.590
2025-12-09T08:31:54.376008; 1.187; 1.905; 9.571
2025-12-09T08:31:54.351326; 1.254; 1.699; 9.638
2025-12-09T08:31:54.314485; 1.268; 1.895; 9.538
2025-12-09T08:31:54.275642; 1.306; 1.881; 9.327
2025-12-09T08:31:54.238447; 1.230; 1.804; 9.825
2025-12-09T08:31:54.217833; 1.488; 1.852; 9.509
2025-12-09T08:31:54.191152; 1.354; 1.780; 9.768
2025-12-09T08:31:54.152722; 1.321; 1.823; 9.897
2025-12-09T08:31:54.102960; 1.134; 1.900; 9.547
2025-12-09T08:31:54.064445; 1.306; 1.866; 9.552
2025-12-09T08:31:54.027697; 1.326; 1.905; 9.547
2025-12-09T08:31:53.998877; 1.306; 1.886; 9.576
2025-12-09T08:31:53.976290; 1.330; 1.886; 9.547
2025-12-09T08:31:53.948233; 1.292; 1.871; 9.576
2025-12-09T08:31:53.924305; 1.330; 1.876; 9.562
2025-12-09T08:31:53.894740; 1.316; 1.871; 9.557
2025-12-09T08:31:53.863061; 1.311; 1.862; 9.571
2025-12-09T08:31:53.842172; 1.316; 1.881; 9.533
2025-12-09T08:31:53.818358; 1.330; 1.862; 9.576
2025-12-09T08:31:53.789705; 1.283; 1.900; 9.552
2025-12-09T08:31:53.755899; 1.350; 1.857; 9.557
2025-12-09T08:31:53.728098; 1.306; 1.862; 9.523
2025-12-09T08:31:53.697861; 1.297; 1.857; 9.581
2025-12-09T08:31:53.668241; 1.345; 1.862; 9.509
2025-12-09T08:31:53.635962; 1.287; 1.909; 9.552
2025-12-09T08:31:53.604800; 1.316; 1.900; 9.576
2025-12-09T08:31:53.581283; 1.345; 1.828; 9.571
2025-12-09T08:31:53.561247; 1.340; 1.852; 9.595
2025-12-09T08:31:53.533215; 1.321; 1.862; 9.547
2025-12-09T08:31:53.505137; 1.326; 1.876; 9.471
2025-12-09T08:31:53.476447; 1.306; 1.905; 9.562
2025-12-09T08:31:53.447060; 1.316; 1.871; 9.543
2025-12-09T08:31:53.418463; 1.311; 1.871; 9.547
2025-12-09T08:31:53.374995; 1.311; 1.862; 9.528
2025-12-09T08:31:53.350836; 1.306; 1.866; 9.552
2025-12-09T08:31:53.329060; 1.316; 1.886; 9.466
2025-12-09T08:31:53.296917; 1.316; 1.895; 9.586
2025-12-09T08:31:53.273567; 1.297; 1.866; 9.624
2025-12-09T08:31:53.250663; 1.283; 1.914; 9.514
2025-12-09T08:31:53.223887; 1.364; 1.900; 9.815
2025-12-09T08:31:53.197553; 1.211; 1.819; 9.557
2025-12-09T08:31:53.177454; 1.134; 1.852; 10.940
2025-12-09T08:31:53.136218; -0.412; -0.062; 12.270
2025-12-09T08:31:53.032810; -0.220; 2.599; 0.029
2025-12-09T08:31:52.918594; 0.091; 1.460; 0.407
2025-12-09T08:31:52.871179; 6.102; 2.331; -9.590
2025-12-09T08:31:52.830102; -0.019; 0.010; 1.273
2025-12-09T08:31:52.742399; 0.010; 0.005; 1.244
2025-12-09T08:31:52.717275; 0.005; -0.024; 0.952
2025-12-09T08:31:52.627429; -0.010; -0.033; 0.708
2025-12-09T08:31:52.552348; 0.005; -0.019; 0.603
2025-12-09T08:31:52.523967; 0.000; -0.033; 0.359
2025-12-09T08:31:52.435716; 0.014; -0.048; 0.325
2025-12-09T08:31:52.399407; -0.029; -0.010; 0.187
2025-12-09T08:31:52.317340; 0.014; -0.038; 0.067
2025-12-09T08:31:52.247426; 0.000; -0.033; 0.057
2025-12-09T08:31:52.212246; -2.498; -0.349; 8.595
2025-12-09T08:31:52.108350; -3.058; -0.881; 9.031
2025-12-09T08:31:52.073745; -2.177; -0.067; 7.997
2025-12-09T08:31:52.013919; -2.288; -0.579; 8.777
2025-12-09T08:31:51.923718; -1.756; -0.263; 8.815
2025-12-09T08:31:51.889950; -0.636; -1.685; 10.308
2025-12-09T08:31:51.806873; 0.014; -1.302; 11.241
2025-12-09T08:31:51.752841; 0.526; -0.129; 10.825
2025-12-09T08:31:51.709176; -0.402; -0.234; 10.562
2025-12-09T08:31:51.598584; -1.517; 0.991; 9.629
2025-12-09T08:31:51.512216; -3.455; 0.316; 7.762
2025-12-09T08:31:51.455807; -3.637; 0.134; 7.576
2025-12-09T08:31:51.435089; -3.661; -0.196; 6.925
2025-12-09T08:31:51.407990; -1.780; -0.483; 5.929
2025-12-09T08:31:51.314102; -1.460; -0.191; 5.819
2025-12-09T08:31:51.279994; -0.172; 0.589; 6.260
2025-12-09T08:31:51.206744; 0.598; 0.512; 5.235
2025-12-09T08:31:51.144037; 0.349; -0.330; 5.867
2025-12-09T08:31:51.100481; 2.512; -1.799; 9.471
2025-12-09T08:31:50.999505; -1.962; -4.666; 11.457
2025-12-09T08:31:50.951219; 1.527; 1.737; 8.533
2025-12-09T08:31:50.898991; 0.498; 0.632; 11.045
2025-12-09T08:31:50.809089; 1.804; 0.636; 10.433
2025-12-09T08:31:50.783038; 0.780; -0.053; 10.883
2025-12-09T08:31:50.669262; 0.321; 0.598; 9.117
2025-12-09T08:31:50.632106; -1.340; 0.033; 6.896
2025-12-09T08:31:50.581256; 1.196; -1.239; 12.610
2025-12-09T08:31:50.474461; -1.651; -1.589; 9.777
2025-12-09T08:31:50.375811; 0.177; -1.498; 10.308
2025-12-09T08:31:50.310079; -1.273; -1.259; 12.821
2025-12-09T08:31:50.276878; -1.225; -0.866; 10.203
2025-12-09T08:31:50.156834; 1.665; -4.393; 18.147
2025-12-09T08:31:50.068844; 0.526; -0.957; 8.327
2025-12-09T08:31:49.999126; 0.818; 1.168; 10.509
2025-12-09T08:31:49.965594; 8.925; 0.608; 11.864
2025-12-09T08:31:49.871682; 8.705; 0.134; 9.222
2025-12-09T08:31:49.834679; 5.159; -0.120; 8.212
2025-12-09T08:31:49.762254; 0.531; -1.699; 12.519
2025-12-09T08:31:49.696439; 0.459; -0.311; 6.786
2025-12-09T08:31:49.659361; -2.709; 0.340; 7.772
2025-12-09T08:31:49.544349; -3.350; 0.445; 9.945
2025-12-09T08:31:49.513596; -2.532; 1.192; 9.423
2025-12-09T08:31:49.454582; -0.459; 0.737; 9.768
2025-12-09T08:31:49.347501; -0.450; 0.742; 9.825
2025-12-09T08:31:49.247882; -0.450; 0.747; 9.820
2025-12-09T08:31:49.191344; -0.435; 0.703; 9.844
2025-12-09T08:31:49.147244; -0.455; 0.737; 9.815
2025-12-09T08:31:49.039486; -0.479; 0.727; 9.768
2025-12-09T08:31:48.939887; -0.392; 0.809; 9.873
2025-12-09T08:31:48.893015; -0.579; 0.799; 9.772
2025-12-09T08:31:48.870834; -0.651; 0.871; 9.830
2025-12-09T08:31:48.839107; -0.455; 0.727; 9.863
2025-12-09T08:31:48.718507; -0.455; 0.689; 9.835
2025-12-09T08:31:48.633651; -0.474; 0.742; 9.835
2025-12-09T08:31:48.576113; -0.450; 0.751; 9.820
2025-12-09T08:31:48.531063; -0.450; 0.742; 9.830
2025-12-09T08:31:48.438607; -0.455; 0.723; 9.830
2025-12-09T08:31:48.397398; -0.464; 0.732; 9.844
2025-12-09T08:31:48.333115; -0.464; 0.751; 9.753
2025-12-09T08:31:48.293058; -0.435; 0.699; 9.930
2025-12-09T08:31:48.263882; -0.483; 0.751; 9.729
2025-12-09T08:31:48.233488; -0.498; 0.684; 9.901
2025-12-09T08:31:48.201219; -1.172; 1.067; 7.284
2025-12-09T08:31:48.080034; 0.890; -0.675; 10.983
2025-12-09T08:31:48.050609; 0.273; -2.197; 28.312
2025-12-09T08:31:48.010496; -1.254; -3.063; 17.707
2025-12-09T08:31:47.985003; -2.938; 3.924; 0.244
2025-12-09T08:31:47.956989; -3.206; 6.772; -1.053
2025-12-09T08:31:47.934530; -2.938; 7.231; -1.780
2025-12-09T08:31:47.913901; -1.909; 5.996; -2.512
2025-12-09T08:31:47.882917; -0.450; -0.780; -0.995
2025-12-09T08:31:47.850281; -0.297; -1.842; 0.220
2025-12-09T08:31:47.822861; -0.258; -1.598; 0.263
2025-12-09T08:31:47.789914; -0.680; -1.149; 0.785
2025-12-09T08:31:47.767089; -44.100; 18.276; 136.482
2025-12-09T08:31:47.741896; 18.822; 101.226; 44.162
2025-12-09T08:31:47.720958; 0.005; -0.062; 0.814
2025-12-09T08:31:47.691795; -0.010; -0.062; 0.723
2025-12-09T08:31:47.661486; 0.019; -0.072; 0.656
2025-12-09T08:31:47.613720; 0.005; -0.105; 0.526
2025-12-09T08:31:47.582316; -0.033; -0.120; 0.474
2025-12-09T08:31:47.558895; -0.043; -0.100; 0.435
2025-12-09T08:31:47.533044; -0.014; -0.105; 0.402
2025-12-09T08:31:47.512613; 0.005; -0.129; 0.388
2025-12-09T08:31:47.488006; -0.010; -0.110; 0.297
2025-12-09T08:31:47.456823; 0.010; -0.148; 0.258
2025-12-09T08:31:47.429797; 0.014; -0.105; 0.225
2025-12-09T08:31:47.406499; 0.005; -0.124; 0.201
2025-12-09T08:31:47.377840; 0.000; -0.129; 0.215
2025-12-09T08:31:47.350097; 0.010; -0.120; 0.196
2025-12-09T08:31:47.319719; -0.019; -0.124; 0.144
2025-12-09T08:31:47.286704; 0.024; -0.220; 0.167
2025-12-09T08:31:47.252232; 0.005; -0.172; 0.201
2025-12-09T08:31:47.218752; -0.062; -0.919; 7.992
2025-12-09T08:31:47.192530; -0.177; -0.928; 9.332
2025-12-09T08:31:47.163478; -0.278; -0.742; 9.945
2025-12-09T08:31:47.141439; -0.383; -0.632; 10.074
2025-12-09T08:31:47.120390; -0.359; -0.613; 9.906
2025-12-09T08:31:47.090040; -0.407; -0.440; 9.959
2025-12-09T08:31:47.055294; -0.325; -0.479; 9.705
2025-12-09T08:31:47.025098; -0.306; -0.498; 9.935
2025-12-09T08:31:46.998461; -0.268; -0.474; 9.696
2025-12-09T08:31:46.972496; -0.292; -0.407; 10.050
2025-12-09T08:31:46.942078; -0.330; -0.416; 10.102
2025-12-09T08:31:46.916727; -0.421; -0.388; 9.940
2025-12-09T08:31:46.893; -0.488; -0.335; 9.586
2025-12-09T08:31:46.872581; -0.550; -0.287; 9.672
2025-12-09T08:31:46.845216; -0.455; -0.450; 9.734
2025-12-09T08:31:46.814376; -0.713; -0.120; 9.681
2025-12-09T08:31:46.792334; -0.641; -0.234; 9.720
2025-12-09T08:31:46.767213; -0.593; -0.239; 9.825
2025-12-09T08:31:46.738244; -0.627; -0.301; 9.945
2025-12-09T08:31:46.716514; -0.555; -0.215; 9.978
2025-12-09T08:31:46.694471; -0.574; -0.182; 9.696
2025-12-09T08:31:46.663193; -0.560; -0.077; 9.825
2025-12-09T08:31:46.629891; -0.392; 0.072; 10.093
2025-12-09T08:31:46.602992; -0.383; -0.029; 10.055
2025-12-09T08:31:46.568868; -0.531; 0.014; 9.705
2025-12-09T08:31:46.541138; -0.431; 0.120; 9.863
2025-12-09T08:31:46.506499; -0.139; -0.306; 9.921
2025-12-09T08:31:46.477625; -0.727; 0.220; 8.810
2025-12-09T08:31:46.447618; -0.182; 0.311; 9.552
2025-12-09T08:31:46.413508; -0.148; 0.857; 9.791
2025-12-09T08:31:46.373145; 0.134; 0.412; 10.107
2025-12-09T08:31:46.343994; -0.756; -0.086; 10.155
2025-12-09T08:31:46.315688; -0.431; 0.450; 9.509
2025-12-09T08:31:46.285632; -0.383; 0.589; 9.313
2025-12-09T08:31:46.252391; -0.526; -0.172; 9.538
2025-12-09T08:31:46.231474; -0.608; -0.220; 10.610
2025-12-09T08:31:46.207726; -0.708; 0.081; 10.911
2025-12-09T08:31:46.185424; -0.440; 0.507; 8.322
2025-12-09T08:31:46.157841; -0.325; 0.790; 9.011
2025-12-09T08:31:46.122794; 0.727; 1.053; 10.031
2025-12-09T08:31:46.092275; 0.823; 1.034; 11.385
2025-12-09T08:31:46.060109; 0.306; 0.962; 9.303
2025-12-09T08:31:46.030134; -0.010; 0.780; 8.964
2025-12-09T08:31:45.996081; 0.684; 0.593; 10.978
2025-12-09T08:31:45.967500; 0.579; 0.660; 11.084
2025-12-09T08:31:45.935439; -0.077; 0.541; 8.442
2025-12-09T08:31:45.915363; 0.158; 0.555; 8.758
2025-12-09T08:31:45.891752; 0.541; 0.603; 9.681
2025-12-09T08:31:45.868521; 0.837; 0.885; 10.098
2025-12-09T08:31:45.838467; 0.345; 1.053; 8.954
2025-12-09T08:31:45.804087; -0.120; 0.684; 8.203
2025-12-09T08:31:45.767733; -0.455; -0.086; 8.562
2025-12-09T08:31:45.717897; -1.464; 0.220; 7.781
2025-12-09T08:31:45.692688; -0.837; 0.512; 7.126
2025-12-09T08:31:45.669011; -0.191; 0.708; 7.116
2025-12-09T08:31:45.645192; 0.230; 0.421; 8.662
2025-12-09T08:31:45.617829; -1.311; -1.402; 8.648
2025-12-09T08:31:45.582685; -1.038; -1.383; 9.576
2025-12-09T08:31:45.552249; 0.584; 1.120; 9.648
2025-12-09T08:31:45.521727; 1.259; 1.833; 8.715
2025-12-09T08:31:45.500733; -1.168; 0.311; 9.160
2025-12-09T08:31:45.474399; -1.479; 0.297; 10.246
2025-12-09T08:31:45.439123; -0.814; 1.656; 9.112
2025-12-09T08:31:45.403674; -0.311; 0.842; 8.404
2025-12-09T08:31:45.383617; 0.431; 1.158; 8.461
2025-12-09T08:31:45.354219; 1.125; 1.431; 8.925
2025-12-09T08:31:45.332788; 1.306; 0.809; 9.653
2025-12-09T08:31:45.307214; 2.139; 1.177; 11.950
2025-12-09T08:31:45.278908; 1.618; 1.225; 11.127
2025-12-09T08:31:45.256256; 1.144; 1.072; 9.179
2025-12-09T08:31:45.229468; 1.393; 1.857; 6.915
2025-12-09T08:31:45.206765; 1.388; 1.876; 7.758
2025-12-09T08:31:45.179539; 1.335; 1.996; 8.423
2025-12-09T08:31:45.149505; 1.728; 2.201; 8.672
2025-12-09T08:31:45.127785; 1.345; 0.995; 11.002
2025-12-09T08:31:45.093309; 2.685; 0.828; 11.021
2025-12-09T08:31:45.054630; 0.153; 1.287; 7.379
2025-12-09T08:31:45.024548; -0.837; 1.460; 6.652
2025-12-09T08:31:44.996489; -1.062; 1.565; 7.241
2025-12-09T08:31:44.974176; -1.144; 1.306; 6.891
2025-12-09T08:31:44.945433; -0.426; 0.995; 8.040
2025-12-09T08:31:44.912573; 1.225; 0.182; 8.250
2025-12-09T08:31:44.892179; 0.469; -0.890; 10.040
2025-12-09T08:31:44.865921; -2.651; -2.163; 9.576
2025-12-09T08:31:44.839626; -2.130; -1.766; 4.068
2025-12-09T08:31:44.805552; -1.651; -0.502; 8.274
2025-12-09T08:31:44.710508; -3.403; -0.569; 8.255
2025-12-09T08:31:44.613348; -2.575; 0.244; 11.127
2025-12-09T08:31:44.551812; -2.766; 0.488; 11.361
2025-12-09T08:31:44.511655; -2.283; -0.081; 14.912
2025-12-09T08:31:44.399333; -2.450; -2.182; 11.562
2025-12-09T08:31:44.307777; -2.579; -1.273; 14.611
2025-12-09T08:31:44.237316; -2.244; 1.637; 13.687
2025-12-09T08:31:44.204742; 0.301; 1.005; 14.280
2025-12-09T08:31:44.099425; 1.498; 0.948; 14.735
2025-12-09T08:31:44.072165; 0.172; 1.412; 10.275
2025-12-09T08:31:43.997459; 3.647; 1.316; 10.581
2025-12-09T08:31:43.930714; -4.432; 1.177; 14.620
2025-12-09T08:31:43.897713; 4.240; -0.177; 14.099
2025-12-09T08:31:43.797237; -2.436; 0.933; 9.107
2025-12-09T08:31:43.752822; -5.537; 2.115; 8.203
2025-12-09T08:31:43.688694; -3.302; 1.656; 9.428
2025-12-09T08:31:43.628536; -3.197; 1.570; 9.011
2025-12-09T08:31:43.588014; -2.656; 1.723; 9.366
2025-12-09T08:31:43.487604; -2.651; 1.718; 9.380
2025-12-09T08:31:43.431666; -2.680; 1.718; 9.389
2025-12-09T08:31:43.386110; -2.661; 1.742; 9.366
2025-12-09T08:31:43.280678; -2.637; 1.728; 9.375
2025-12-09T08:31:43.178183; -2.680; 1.732; 9.361
2025-12-09T08:31:43.119662; -2.661; 1.732; 9.351
2025-12-09T08:31:43.079485; -2.680; 1.742; 9.366
2025-12-09T08:31:42.992150; -2.646; 1.689; 9.413
2025-12-09T08:31:42.955024; -2.603; 1.613; 9.437
2025-12-09T08:31:42.871035; -2.584; 1.694; 9.342
2025-12-09T08:31:42.805500; -2.675; 1.752; 9.342
2025-12-09T08:31:42.768194; -2.670; 1.752; 9.351
2025-12-09T08:31:42.674743; -2.666; 1.718; 9.342
2025-12-09T08:31:42.633445; -2.656; 1.728; 9.351
2025-12-09T08:31:42.561006; -2.642; 1.718; 9.366
2025-12-09T08:31:42.475743; -2.651; 1.718; 9.346
2025-12-09T08:31:42.454369; -2.646; 1.728; 9.332
2025-12-09T08:31:42.356604; -2.646; 1.742; 9.342
2025-12-09T08:31:42.311349; -2.661; 1.728; 9.351
2025-12-09T08:31:42.255164; -2.642; 1.723; 9.327
2025-12-09T08:31:42.149711; -2.670; 1.737; 9.332
2025-12-09T08:31:42.049406; -2.670; 1.747; 9.356
2025-12-09T08:31:41.991644; -2.661; 1.728; 9.375
2025-12-09T08:31:41.952364; -2.646; 1.742; 9.361
2025-12-09T08:31:41.847885; -2.656; 1.732; 9.322
2025-12-09T08:31:41.747196; -2.651; 1.718; 9.318
2025-12-09T08:31:41.689172; -2.694; 1.713; 9.375
2025-12-09T08:31:41.643444; -2.704; 1.766; 9.270
2025-12-09T08:31:41.547974; -2.728; 1.752; 9.691
2025-12-09T08:31:41.515096; -2.723; 1.589; 10.768
2025-12-09T08:31:41.441312; -2.177; 1.182; 7.872
2025-12-09T08:31:41.372705; -3.005; -1.326; 21.789
2025-12-09T08:31:41.338723; -2.345; 6.437; -0.024
2025-12-09T08:31:41.237077; -0.885; 7.734; -0.651
2025-12-09T08:31:41.192196; 0.172; -0.345; -3.283
2025-12-09T08:31:41.133400; -1.723; 2.489; 11.983
2025-12-09T08:31:41.064532; -6.102; 10.337; 43.171
2025-12-09T08:31:41.028084; -0.024; -0.033; 0.727
2025-12-09T08:31:40.925894; -0.010; -0.038; 0.613
2025-12-09T08:31:40.875052; 0.000; -0.062; 0.479
2025-12-09T08:31:40.825846; 0.005; -0.033; 0.278
2025-12-09T08:31:40.713307; -0.010; -0.062; 0.206
2025-12-09T08:31:40.653168; -0.024; -0.057; 0.129
2025-12-09T08:31:40.547395; -0.321; -0.292; 10.122
2025-12-09T08:31:40.444736; -0.110; -0.129; 10.059
2025-12-09T08:31:40.403920; -0.053; -0.014; 9.973
2025-12-09T08:31:40.341799; -0.263; -0.144; 9.701
2025-12-09T08:31:40.231678; -0.191; -0.230; 9.835
2025-12-09T08:31:40.180905; 0.081; -0.144; 9.878
2025-12-09T08:31:40.080036; 0.029; 0.000; 9.815
2025-12-09T08:31:39.986857; 0.249; -0.053; 9.992
2025-12-09T08:31:39.931217; 0.120; -0.100; 9.758
2025-12-09T08:31:39.882665; 0.426; 0.306; 9.476
2025-12-09T08:31:39.801906; 0.388; -0.086; 9.035
2025-12-09T08:31:39.756281; 0.766; 0.507; 10.323
2025-12-09T08:31:39.679338; -0.057; 0.397; 8.820
2025-12-09T08:31:39.627471; -0.220; 0.062; 9.102
2025-12-09T08:31:39.584657; 0.297; 0.258; 9.318
2025-12-09T08:31:39.481891; 0.933; -0.373; 8.447
2025-12-09T08:31:39.432730; -0.254; -0.622; 9.705
2025-12-09T08:31:39.382124; -0.952; 0.392; 8.432
2025-12-09T08:31:39.298379; -0.675; 0.474; 8.207
2025-12-09T08:31:39.270988; 0.306; 0.431; 7.475
2025-12-09T08:31:39.213747; -0.282; 1.239; 6.652
2025-12-09T08:31:39.106031; -0.416; 0.799; 7.820
2025-12-09T08:31:39.008435; -1.120; 0.809; 6.968
2025-12-09T08:31:38.950697; -0.656; 0.268; 5.996
2025-12-09T08:31:38.905100; -0.182; 1.536; 8.471
2025-12-09T08:31:38.802622; -0.660; -0.091; 8.897
2025-12-09T08:31:38.709555; -1.785; -0.565; 10.198
2025-12-09T08:31:38.638503; -1.158; 0.780; 10.878
2025-12-09T08:31:38.601629; -1.297; -1.244; 11.261
2025-12-09T08:31:38.510712; -1.196; -1.431; 11.978
2025-12-09T08:31:38.475343; -0.541; -1.603; 15.448
2025-12-09T08:31:38.399692; -0.383; 1.163; 14.362
2025-12-09T08:31:38.334850; -1.637; 0.301; 11.289
2025-12-09T08:31:38.295430; 0.536; 0.723; 12.682
2025-12-09T08:31:38.193750; 0.809; 1.278; 11.959
2025-12-09T08:31:38.151419; 3.053; 1.177; 11.423
2025-12-09T08:31:38.091209; 2.690; 2.058; 7.351
2025-12-09T08:31:38.024052; 2.010; 2.201; 7.877
2025-12-09T08:31:37.988151; 0.689; 2.158; 7.480
2025-12-09T08:31:37.888172; 1.713; 1.474; 10.964
2025-12-09T08:31:37.858718; 1.402; 1.350; 12.026
2025-12-09T08:31:37.831284; -0.756; 1.182; 10.079
2025-12-09T08:31:37.783367; -1.115; 1.019; 9.054
2025-12-09T08:31:37.678908; -0.675; 1.015; 9.825
2025-12-09T08:31:37.576167; -0.713; 1.053; 9.768
2025-12-09T08:31:37.529771; -0.689; 1.058; 9.768
2025-12-09T08:31:37.478496; -0.718; 1.053; 9.782
2025-12-09T08:31:37.399366; -0.699; 1.043; 9.753
2025-12-09T08:31:37.355975; -0.694; 1.029; 9.763
2025-12-09T08:31:37.289118; -0.689; 1.053; 9.782
2025-12-09T08:31:37.227043; -0.708; 1.072; 9.782
2025-12-09T08:31:37.176871; -0.713; 1.029; 9.787
2025-12-09T08:31:37.079140; -0.718; 1.038; 9.772
2025-12-09T08:31:37.031878; -0.708; 1.048; 9.782
2025-12-09T08:31:36.976252; -0.708; 1.038; 9.796
2025-12-09T08:31:36.879353; -0.713; 1.091; 9.739
2025-12-09T08:31:36.779705; -0.703; 1.019; 9.806
2025-12-09T08:31:36.743864; -0.670; 1.067; 9.772
2025-12-09T08:31:36.707153; -0.627; 1.259; 9.973
2025-12-09T08:31:36.612671; -0.747; 1.263; 10.418
2025-12-09T08:31:36.570526; -0.780; 1.244; 9.428
2025-12-09T08:31:36.520724; -1.407; 2.355; 18.765
2025-12-09T08:31:36.443667; -0.278; 4.475; 12.610
2025-12-09T08:31:36.396269; -0.029; 0.498; 1.067
2025-12-09T08:31:36.314651; 0.100; -0.512; 0.507
2025-12-09T08:31:36.264784; -0.139; -0.909; 4.006
2025-12-09T08:31:36.217646; -0.603; 1.091; -2.307
2025-12-09T08:31:36.117352; 0.038; -0.086; 0.574
2025-12-09T08:31:36.072741; 0.038; -0.115; 0.474
2025-12-09T08:31:36.019056; 0.014; -0.158; 0.301
2025-12-09T08:31:35.916269; 0.033; -0.196; 0.187
2025-12-09T08:31:35.822692; 0.033; -0.153; 0.144
2025-12-09T08:31:35.764529; 0.019; -0.172; 0.134
2025-12-09T08:31:35.720332; -0.086; -0.416; 8.691
2025-12-09T08:31:35.636264; -0.144; -0.397; 9.825
2025-12-09T08:31:35.598452; -0.153; -0.201; 9.925
2025-12-09T08:31:35.519864; -0.172; -0.191; 9.901
2025-12-09T08:31:35.415511; -0.134; -0.244; 9.916
2025-12-09T08:31:35.304583; -0.196; -0.239; 9.825
2025-12-09T08:31:35.201722; -0.067; -0.196; 9.892
2025-12-09T08:31:35.107041; -0.077; -0.196; 9.906
2025-12-09T08:31:35.000401; -0.096; -0.234; 9.806
2025-12-09T08:31:34.950677; -0.014; -0.278; 9.849
2025-12-09T08:31:34.904662; -0.321; -0.220; 9.806
2025-12-09T08:31:34.800440; -0.325; -0.206; 9.854
2025-12-09T08:31:34.694550; -0.297; -0.325; 9.787
2025-12-09T08:31:34.650237; -0.301; -0.340; 10.083
2025-12-09T08:31:34.601391; -1.206; 1.560; 10.911
2025-12-09T08:31:34.522462; -0.196; 0.110; 9.691
2025-12-09T08:31:34.475389; -0.273; 0.244; 9.705
2025-12-09T08:31:34.403411; -0.053; 0.033; 10.677
2025-12-09T08:31:34.328347; -0.239; 0.029; 10.638
2025-12-09T08:31:34.304676; 0.048; 0.349; 9.849
2025-12-09T08:31:34.199126; -0.292; -0.268; 9.949
2025-12-09T08:31:34.152036; 0.598; 0.402; 9.964
2025-12-09T08:31:34.102200; 0.220; 0.282; 8.973
2025-12-09T08:31:34.030533; 0.507; 0.440; 9.174
2025-12-09T08:31:33.983048; -0.211; 0.211; 9.016
2025-12-09T08:31:33.912529; -0.321; 0.632; 8.145
2025-12-09T08:31:33.880617; -0.407; 0.565; 7.939
2025-12-09T08:31:33.831382; 0.316; 0.837; 9.299
2025-12-09T08:31:33.782760; 0.072; 1.287; 10.313
2025-12-09T08:31:33.684671; 0.144; 1.747; 9.452
2025-12-09T08:31:33.646512; -0.593; 3.785; 10.825
2025-12-09T08:31:33.537953; -1.024; 3.058; 9.983
2025-12-09T08:31:33.440029; -1.440; 3.044; 7.418
2025-12-09T08:31:33.349578; -0.321; 2.934; 8.002
2025-12-09T08:31:33.328110; -0.579; 2.632; 8.471
2025-12-09T08:31:33.306033; -0.694; 1.967; 9.064
2025-12-09T08:31:33.258698; -0.301; 2.072; 8.404
2025-12-09T08:31:33.195286; -1.756; 0.713; 6.240
2025-12-09T08:31:33.145346; 1.512; 1.436; 11.921
2025-12-09T08:31:33.036869; -1.177; 0.153; 12.428
2025-12-09T08:31:32.945159; -1.890; 1.919; 11.289
2025-12-09T08:31:32.907527; -2.087; 2.130; 10.710
2025-12-09T08:31:32.870213; -1.938; 2.594; 8.217
2025-12-09T08:31:32.840145; -2.675; 2.838; 11.438
2025-12-09T08:31:32.790111; -2.867; 2.704; 10.351
2025-12-09T08:31:32.714225; -2.938; 4.288; 7.542
