=== ACCEL LOG ===
2025-12-09T12:18:51.917696; 0.024; -9.968; 0.105
2025-12-09T12:18:51.793002; 0.110; -10.055; 0.067
2025-12-09T12:18:51.660304; 0.043; -10.083; 0.172
2025-12-09T12:18:51.541369; 0.096; -10.102; 0.062
2025-12-09T12:18:51.498238; 0.110; -9.964; 0.120
2025-12-09T12:18:51.428390; 0.081; -9.782; 0.148
2025-12-09T12:18:51.302236; 0.086; -9.806; 0.134
2025-12-09T12:18:51.175687; 0.120; -9.801; 0.134
2025-12-09T12:18:51.061293; 0.091; -9.854; 0.134
2025-12-09T12:18:51.018743; 0.105; -9.925; 0.134
2025-12-09T12:18:50.933490; 0.067; -10.069; 0.124
2025-12-09T12:18:50.819867; 0.091; -10.074; 0.129
2025-12-09T12:18:50.697437; 0.053; -9.997; 0.077
2025-12-09T12:18:50.570048; 0.072; -9.873; 0.077
2025-12-09T12:18:50.443950; 0.062; -9.825; 0.072
2025-12-09T12:18:50.323896; 0.057; -9.844; 0.057
2025-12-09T12:18:50.225983; 0.067; -9.849; 0.057
2025-12-09T12:18:50.201459; 0.067; -9.973; 0.081
2025-12-09T12:18:50.081174; 0.048; -9.992; 0.091
2025-12-09T12:18:50.060377; 0.057; -10.055; 0.096
2025-12-09T12:18:49.958389; 0.086; -10.079; 0.110
2025-12-09T12:18:49.890650; 0.053; -10.035; 0.100
2025-12-09T12:18:49.842113; 0.067; -9.973; 0.139
2025-12-09T12:18:49.712075; 0.096; -9.830; 0.139
2025-12-09T12:18:49.589609; 0.091; -9.796; 0.163
2025-12-09T12:18:49.452966; 0.105; -9.835; 0.148
2025-12-09T12:18:49.415592; 0.081; -9.858; 0.153
2025-12-09T12:18:49.344348; 0.091; -9.964; 0.120
2025-12-09T12:18:49.251104; 0.091; -10.026; 0.124
2025-12-09T12:18:49.223090; 0.081; -10.093; 0.110
2025-12-09T12:18:49.102403; 0.062; -10.035; 0.100
2025-12-09T12:18:48.980941; 0.053; -9.935; 0.072
2025-12-09T12:18:48.855695; 0.057; -9.815; 0.057
2025-12-09T12:18:48.721623; 0.053; -9.815; 0.057
2025-12-09T12:18:48.599679; 0.062; -9.916; 0.048
2025-12-09T12:18:48.475142; 0.072; -10.035; 0.100
2025-12-09T12:18:48.346346; 0.067; -10.074; 0.067
2025-12-09T12:18:48.311972; 0.086; -10.069; 0.096
2025-12-09T12:18:48.290454; 0.067; -10.093; 0.115
2025-12-09T12:18:48.232263; 0.110; -10.050; 0.105
2025-12-09T12:18:48.150189; 0.105; -10.026; 0.124
2025-12-09T12:18:48.116681; 0.096; -9.911; 0.124
2025-12-09T12:18:47.985394; 0.062; -9.796; 0.144
2025-12-09T12:18:47.859991; 0.115; -9.815; 0.139
2025-12-09T12:18:47.740943; 0.081; -9.873; 0.129
2025-12-09T12:18:47.670059; 0.100; -9.930; 0.124
2025-12-09T12:18:47.628422; 0.086; -10.069; 0.124
2025-12-09T12:18:47.502241; 0.077; -10.059; 0.096
2025-12-09T12:18:47.376655; 0.067; -10.026; 0.077
2025-12-09T12:18:47.251835; 0.062; -9.878; 0.043
2025-12-09T12:18:47.125860; 0.057; -9.796; 0.038
2025-12-09T12:18:47.003150; 0.048; -9.858; 0.062
2025-12-09T12:18:46.875893; 0.077; -9.992; 0.072
2025-12-09T12:18:46.739617; 0.077; -10.040; 0.077
2025-12-09T12:18:46.692977; 0.086; -10.126; 0.077
2025-12-09T12:18:46.629476; 0.077; -10.069; 0.115
2025-12-09T12:18:46.553312; 0.077; -10.088; 0.120
2025-12-09T12:18:46.510342; 0.100; -9.964; 0.139
2025-12-09T12:18:46.385216; 0.100; -9.815; 0.124
2025-12-09T12:18:46.260757; 0.057; -9.791; 0.134
2025-12-09T12:18:46.128814; 0.072; -9.791; 0.129
2025-12-09T12:18:46.051322; 0.062; -9.858; 0.134
2025-12-09T12:18:46.018925; 0.081; -9.992; 0.120
2025-12-09T12:18:45.896039; 0.091; -10.117; 0.110
2025-12-09T12:18:45.760893; 0.086; -10.074; 0.091
2025-12-09T12:18:45.648642; 0.062; -10.002; 0.057
2025-12-09T12:18:45.570775; 0.091; -9.973; 0.086
2025-12-09T12:18:45.527922; 0.067; -9.811; 0.081
2025-12-09T12:18:45.400932; 0.067; -9.806; 0.062
2025-12-09T12:18:45.275490; 0.033; -9.911; 0.057
2025-12-09T12:18:45.141935; 0.077; -9.964; 0.067
2025-12-09T12:18:45.095875; 0.057; -10.050; 0.072
2025-12-09T12:18:45.033711; 0.077; -10.098; 0.091
2025-12-09T12:18:44.949965; 0.062; -10.141; 0.086
2025-12-09T12:18:44.911691; 0.067; -10.050; 0.124
2025-12-09T12:18:44.781592; 0.086; -9.901; 0.129
2025-12-09T12:18:44.663839; 0.077; -9.758; 0.148
2025-12-09T12:18:44.550821; 0.100; -9.777; 0.134
2025-12-09T12:18:44.461449; 0.086; -9.758; 0.134
2025-12-09T12:18:44.429249; 0.096; -9.916; 0.129
2025-12-09T12:18:44.298535; 0.091; -10.059; 0.134
2025-12-09T12:18:44.175377; 0.072; -10.098; 0.134
2025-12-09T12:18:44.131565; 0.057; -10.146; 0.120
2025-12-09T12:18:44.059887; 0.077; -10.064; 0.100
2025-12-09T12:18:43.939091; 0.077; -9.916; 0.062
2025-12-09T12:18:43.813731; 0.043; -9.777; 0.033
2025-12-09T12:18:43.689126; 0.062; -9.830; 0.053
2025-12-09T12:18:43.563412; 0.077; -9.968; 0.053
2025-12-09T12:18:43.445659; 0.072; -10.098; 0.053
2025-12-09T12:18:43.322692; 0.081; -10.136; 0.120
2025-12-09T12:18:43.201648; 0.096; -10.150; 0.120
2025-12-09T12:18:43.178839; 0.072; -10.040; 0.139
2025-12-09T12:18:43.082015; 0.105; -9.854; 0.148
2025-12-09T12:18:42.957445; 0.091; -9.748; 0.163
2025-12-09T12:18:42.833003; 0.067; -9.820; 0.167
2025-12-09T12:18:42.699453; 0.105; -9.997; 0.134
2025-12-09T12:18:42.581585; 0.086; -10.050; 0.139
2025-12-09T12:18:42.534344; 0.072; -10.107; 0.115
2025-12-09T12:18:42.466957; 0.038; -10.150; 0.091
2025-12-09T12:18:42.340988; 0.077; -10.002; 0.057
2025-12-09T12:18:42.214836; 0.062; -9.849; 0.067
2025-12-09T12:18:42.080776; 0.057; -9.835; 0.033
2025-12-09T12:18:42.057250; 0.043; -9.768; 0.033
2025-12-09T12:18:41.973699; 0.081; -9.873; 0.043
2025-12-09T12:18:41.862784; 0.081; -10.031; 0.081
2025-12-09T12:18:41.736023; 0.077; -10.160; 0.115
2025-12-09T12:18:41.608707; 0.057; -10.179; 0.105
2025-12-09T12:18:41.581926; 0.072; -10.126; 0.129
2025-12-09T12:18:41.495406; 0.077; -9.983; 0.134
2025-12-09T12:18:41.368133; 0.100; -9.815; 0.177
2025-12-09T12:18:41.242571; 0.086; -9.768; 0.148
2025-12-09T12:18:41.120953; 0.096; -9.873; 0.167
2025-12-09T12:18:40.983212; 0.077; -9.959; 0.120
2025-12-09T12:18:40.933395; 0.081; -10.069; 0.115
2025-12-09T12:18:40.875788; 0.067; -10.169; 0.124
2025-12-09T12:18:40.793182; 0.072; -10.155; 0.105
2025-12-09T12:18:40.754272; 0.038; -10.131; 0.053
2025-12-09T12:18:40.649061; 0.067; -10.112; 0.081
2025-12-09T12:18:40.598873; 0.086; -9.968; 0.062
2025-12-09T12:18:40.513110; 0.048; -9.806; 0.091
2025-12-09T12:18:40.388241; 0.077; -9.787; 0.053
2025-12-09T12:18:40.262357; 0.033; -9.945; 0.077
2025-12-09T12:18:40.138512; 0.096; -10.088; 0.053
2025-12-09T12:18:40.007251; 0.096; -10.136; 0.048
2025-12-09T12:18:39.978532; 0.033; -10.227; 0.115
2025-12-09T12:18:39.891571; 0.057; -10.189; 0.110
2025-12-09T12:18:39.811969; 0.120; -10.040; 0.100
2025-12-09T12:18:39.773384; 0.057; -9.930; 0.167
2025-12-09T12:18:39.645632; 0.124; -9.724; 0.120
2025-12-09T12:18:39.530661; 0.077; -9.763; 0.196
2025-12-09T12:18:39.410566; 0.091; -9.844; 0.139
2025-12-09T12:18:39.331774; 0.081; -9.959; 0.100
2025-12-09T12:18:39.289602; 0.062; -10.093; 0.201
2025-12-09T12:18:39.165431; 0.139; -10.146; 0.105
2025-12-09T12:18:39.039706; -0.019; -10.184; 0.129
2025-12-09T12:18:38.906576; 0.067; -9.935; 0.048
2025-12-09T12:18:38.859198; 0.120; -10.035; 0.086
2025-12-09T12:18:38.795984; 0.043; -9.801; 0.043
2025-12-09T12:18:38.700406; 0.000; -9.806; 0.010
2025-12-09T12:18:38.676416; 0.110; -9.777; 0.091
2025-12-09T12:18:38.550625; 0.005; -10.040; -0.014
2025-12-09T12:18:38.413001; 0.014; -10.117; 0.038
2025-12-09T12:18:38.377754; 0.144; -10.136; 0.177
2025-12-09T12:18:38.305621; 0.091; -10.208; 0.033
2025-12-09T12:18:38.224254; 0.048; -10.246; 0.072
2025-12-09T12:18:38.186335; 0.139; -10.007; 0.225
2025-12-09T12:18:38.059214; 0.038; -9.911; 0.163
2025-12-09T12:18:37.931219; 0.158; -9.681; 0.187
2025-12-09T12:18:37.803277; 0.057; -9.873; 0.172
2025-12-09T12:18:37.687846; 0.062; -10.007; 0.191
2025-12-09T12:18:37.566590; 0.067; -10.193; 0.158
2025-12-09T12:18:37.440950; -0.010; -10.323; 0.225
2025-12-09T12:18:37.418245; 0.081; -10.256; 0.057
2025-12-09T12:18:37.327401; 0.100; -9.988; 0.163