=== MAGNETOMETER LOG ===
2025-12-09T10:51:09.616764; 3.094; -3.300; -23.400
2025-12-09T10:51:09.415627; 6.394; -1.575; -26.213
2025-12-09T10:51:09.217330; 14.213; 0.750; -33.506
2025-12-09T10:51:09.016823; 16.031; 1.931; -36.056
2025-12-09T10:51:08.817891; 14.981; 1.406; -34.744
2025-12-09T10:51:08.616238; 16.744; 1.350; -35.588
2025-12-09T10:51:08.420550; 16.894; 1.294; -35.213
2025-12-09T10:51:08.216369; 15.169; 3.056; -33.131
2025-12-09T10:51:08.016571; 15.356; 5.063; -30.938
2025-12-09T10:51:07.816920; 14.831; 7.219; -29.888
2025-12-09T10:51:07.616384; 13.575; 9.488; -28.163
2025-12-09T10:51:07.416211; 13.481; 9.975; -27.581
2025-12-09T10:51:07.216305; 13.894; 10.369; -28.163
2025-12-09T10:51:07.015816; 13.594; 10.200; -27.038
2025-12-09T10:51:06.817914; 13.913; 9.469; -28.050
2025-12-09T10:51:06.616002; 13.219; 8.981; -28.256
2025-12-09T10:51:06.415707; 13.913; 6.375; -28.913
2025-12-09T10:51:06.215936; 15.319; 5.944; -30.694
2025-12-09T10:51:06.017249; 16.238; 4.444; -32.438
2025-12-09T10:51:05.817061; 15.806; 2.400; -35.100
2025-12-09T10:51:05.616140; 13.725; -0.638; -36.806
2025-12-09T10:51:05.416480; 14.719; -4.275; 68.344
2025-12-09T10:51:05.217214; 18.263; -5.363; 61.594
2025-12-09T10:51:05.018795; 12.769; -8.569; 63.188
2025-12-09T10:51:04.815972; 10.406; -9.656; 63.000
2025-12-09T10:51:04.615533; 11.400; -9.619; 62.194
2025-12-09T10:51:04.418246; 14.138; -8.400; 60.056
2025-12-09T10:51:04.216212; 16.350; -7.200; 58.069
2025-12-09T10:51:04.017242; 16.781; -7.331; 57.938
2025-12-09T10:51:03.816701; 17.325; -6.656; 58.331
2025-12-09T10:51:03.616198; 16.838; -6.038; 58.575
2025-12-09T10:51:03.417233; 18.675; -4.725; 60.131
2025-12-09T10:51:03.217282; 18.881; -2.869; 61.594
2025-12-09T10:51:03.016437; 18.863; -1.688; 64.819
2025-12-09T10:51:02.817231; 18.694; 1.744; 66.731
2025-12-09T10:51:02.623336; 18.394; 4.388; 69.319
2025-12-09T10:51:02.416361; 17.813; 6.956; 71.344
2025-12-09T10:51:02.217339; 17.738; 8.213; 72.488
2025-12-09T10:51:02.024475; 16.575; 7.819; 73.556
2025-12-09T10:51:01.816698; 17.681; 7.463; 72.994
2025-12-09T10:51:01.616891; 17.400; 7.256; 72.844
2025-12-09T10:51:01.415932; 17.138; 7.856; 72.525
2025-12-09T10:51:01.217511; 15.544; 7.781; 74.531
2025-12-09T10:51:01.017496; 15.844; 9.525; 75.450
2025-12-09T10:51:00.815798; 15.169; 10.538; 77.944
2025-12-09T10:51:00.616391; 11.681; 11.963; 81.206
2025-12-09T10:51:00.420536; 6.638; 19.275; -41.044
2025-12-09T10:51:00.217292; 4.331; 19.913; -40.931
2025-12-09T10:51:00.016486; 1.781; 21.338; -39.675
2025-12-09T10:50:59.815697; -3.206; 21.019; -37.500
2025-12-09T10:50:59.616972; -5.738; 20.006; -37.781
2025-12-09T10:50:59.423040; -7.181; 19.931; -39.656
2025-12-09T10:50:59.216270; -9.113; 18.300; -39.488
2025-12-09T10:50:59.016440; -11.925; 16.294; -38.888
2025-12-09T10:50:58.816673; -13.388; 12.919; -39.675
2025-12-09T10:50:58.622506; -13.875; 10.650; -40.106
2025-12-09T10:50:58.418881; -14.756; 7.069; -41.100
2025-12-09T10:50:58.216210; -21.675; 1.856; -35.738
2025-12-09T10:50:58.048208; -16.538; 0.131; -39.113
2025-12-09T10:50:57.816678; -12.544; -3.206; -41.081
2025-12-09T10:50:57.618205; -8.831; -5.588; -41.081
2025-12-09T10:50:57.417921; -6.769; -7.181; -42.300
2025-12-09T10:50:57.216589; -5.344; -8.550; -42.525
2025-12-09T10:50:57.016582; -3.769; -8.963; -42.281
2025-12-09T10:50:56.816106; -6.638; -10.200; -40.013
2025-12-09T10:50:56.617146; -6.900; -10.538; -39.356
2025-12-09T10:50:56.416976; -6.113; -10.088; -39.863
2025-12-09T10:50:56.224871; -6.806; -10.163; -39.619
2025-12-09T10:50:56.016550; -6.994; -10.181; -39.881
2025-12-09T10:50:55.815832; -6.094; -10.913; -40.425
2025-12-09T10:50:55.616644; -2.813; -10.463; -41.175
2025-12-09T10:50:55.417121; -1.369; -11.213; -41.044
2025-12-09T10:50:55.216488; 1.800; -9.188; -42.281
2025-12-09T10:50:55.015938; 1.913; -9.675; -42.488
2025-12-09T10:50:54.817569; 3.544; -9.300; -42.094
2025-12-09T10:50:54.616317; 6.150; -8.306; -43.931
2025-12-09T10:50:54.415892; 5.194; -7.088; -42.056
2025-12-09T10:50:54.216386; 6.994; -5.794; -41.531
2025-12-09T10:50:54.016334; 6.394; -5.044; -41.119
2025-12-09T10:50:53.817108; 5.138; -3.994; -39.788
2025-12-09T10:50:53.616419; 8.138; -1.444; -41.175
2025-12-09T10:50:53.415919; 14.475; 2.531; -45.319
2025-12-09T10:50:53.215876; 15.113; 3.975; -45.656
2025-12-09T10:50:53.017176; 14.194; 4.650; -44.513
2025-12-09T10:50:52.817087; 14.006; 6.375; -43.725
2025-12-09T10:50:52.615741; 15.375; 7.819; -43.744
2025-12-09T10:50:52.416474; 14.813; 9.394; -42.938
2025-12-09T10:50:52.217096; 13.744; 9.675; -43.481
2025-12-09T10:50:52.017811; 13.913; 10.519; -42.844
2025-12-09T10:50:51.816121; 11.981; 10.538; -41.419
2025-12-09T10:50:51.617512; 13.594; 10.725; -43.481
2025-12-09T10:50:51.416776; 12.431; 10.181; -42.188
2025-12-09T10:50:51.216635; 12.788; 10.688; -41.719
2025-12-09T10:50:51.017063; 5.419; 7.200; -35.044
2025-12-09T10:50:50.815694; 9.563; 8.981; -39.150
2025-12-09T10:50:50.616353; 10.200; 8.663; -39.731
2025-12-09T10:50:50.416075; 10.950; 9.788; -40.613
2025-12-09T10:50:50.216519; 10.725; 9.319; -40.275
2025-12-09T10:50:50.019858; 11.719; 9.506; -41.250
2025-12-09T10:50:49.816920; 13.369; 10.069; -42.863
2025-12-09T10:50:49.617689; 9.019; 8.906; -38.381
2025-12-09T10:50:49.420038; 7.838; 8.438; -37.631
