=== USER ACCEL LOG ===
2025-12-09T08:32:36.292507; -2.581; 2.040; 2.386
2025-12-09T08:32:36.094700; -3.782; 3.068; 3.470
2025-12-09T08:32:35.887470; -4.103; 3.107; 3.614
2025-12-09T08:32:35.685343; -4.164; 3.149; 3.865
2025-12-09T08:32:35.492378; -4.151; 2.888; 3.948
2025-12-09T08:32:35.292124; -3.718; 2.755; 4.374
2025-12-09T08:32:35.088790; -3.678; 2.373; 5.470
2025-12-09T08:32:34.887686; -4.186; 1.366; 5.513
2025-12-09T08:32:34.693674; -3.861; 0.690; 2.460
2025-12-09T08:32:34.492385; 3.879; -1.986; -1.175
2025-12-09T08:32:34.291585; 5.674; 0.096; -9.439
2025-12-09T08:32:34.096756; -2.570; 0.185; -5.190
2025-12-09T08:32:33.898054; 0.688; 0.867; -5.629
2025-12-09T08:32:33.692685; 1.347; 0.655; -6.183
2025-12-09T08:32:33.492400; 1.462; 0.682; -6.537
2025-12-09T08:32:33.289197; 1.558; 0.720; -6.900
2025-12-09T08:32:33.096283; 1.044; 1.162; -8.123
2025-12-09T08:32:32.889259; 4.250; 0.326; -1.184
2025-12-09T08:32:32.694032; 11.663; 0.049; 19.468
2025-12-09T08:32:32.491381; -6.027; 1.165; -5.408
2025-12-09T08:32:32.295417; 0.580; -0.842; -8.801
2025-12-09T08:32:32.095974; 0.177; 0.003; -1.938
2025-12-09T08:32:31.891953; 0.874; 0.640; -0.066
2025-12-09T08:32:31.691921; 0.417; 0.412; -0.712
2025-12-09T08:32:31.496452; 0.054; 0.233; -0.749
2025-12-09T08:32:31.295088; 0.250; 0.252; -0.289
2025-12-09T08:32:31.094790; -0.349; 0.218; 1.276
2025-12-09T08:32:30.893331; -0.576; 0.101; 1.554
2025-12-09T08:32:30.698605; -0.272; 0.713; 0.288
2025-12-09T08:32:30.496003; -0.108; 0.886; -0.070
2025-12-09T08:32:30.299481; -0.296; 0.587; -0.167
2025-12-09T08:32:30.093938; -0.136; 0.014; 0.397
2025-12-09T08:32:29.901969; -0.887; 0.537; 0.903
2025-12-09T08:32:29.694840; 0.259; 1.151; 0.183
2025-12-09T08:32:29.496383; 0.331; 1.310; -0.125
2025-12-09T08:32:29.293440; 0.539; 0.469; 0.044
2025-12-09T08:32:29.096105; 0.115; 0.593; -1.203
2025-12-09T08:32:28.893836; 0.238; 0.792; -2.566
2025-12-09T08:32:28.692342; -1.457; 0.309; -0.553
2025-12-09T08:32:28.496649; -2.366; -0.489; 1.062
2025-12-09T08:32:28.295167; -0.145; 0.688; 0.464
2025-12-09T08:32:28.092426; 2.336; 1.567; 0.485
2025-12-09T08:32:27.893487; 2.012; -0.311; 2.354
2025-12-09T08:32:27.687741; 3.192; -1.065; 3.734
2025-12-09T08:32:27.493351; 3.133; -1.731; 1.685
2025-12-09T08:32:27.292078; 1.754; -0.321; 0.267
2025-12-09T08:32:27.093211; 1.185; -0.484; 0.528
2025-12-09T08:32:26.889115; 6.113; -0.771; -2.968
2025-12-09T08:32:26.704868; 1.180; -0.218; 0.600
2025-12-09T08:32:26.492901; -3.697; 0.270; 1.489
2025-12-09T08:32:26.291944; 0.156; -0.010; -0.007
2025-12-09T08:32:26.089226; 0.025; -0.000; 0.018
2025-12-09T08:32:25.897857; 0.030; -0.005; 0.027
2025-12-09T08:32:25.696157; 0.041; -0.006; 0.041
2025-12-09T08:32:25.492327; 0.064; -0.010; 0.060
2025-12-09T08:32:25.293376; 0.099; -0.013; 0.094
2025-12-09T08:32:25.098056; 0.148; -0.018; 0.140
2025-12-09T08:32:24.895725; 0.219; -0.030; 0.210
2025-12-09T08:32:24.693654; 0.331; -0.047; 0.314
2025-12-09T08:32:24.493212; 0.501; -0.067; 0.475
2025-12-09T08:32:24.305432; 0.524; -0.069; 0.498
2025-12-09T08:32:24.096836; 0.554; -0.076; 0.531
2025-12-09T08:32:23.901026; 0.544; 0.212; 0.729
2025-12-09T08:32:23.696110; 0.694; -3.276; -2.419
2025-12-09T08:32:23.502444; 1.590; -2.619; 8.727
2025-12-09T08:32:23.298466; 1.110; 5.440; -6.437
2025-12-09T08:32:23.105055; 4.329; -0.059; -8.068
2025-12-09T08:32:22.899001; 2.794; 0.819; -0.846
2025-12-09T08:32:22.702367; 0.313; -0.110; 0.199
2025-12-09T08:32:22.501076; -0.074; -0.074; 0.050
2025-12-09T08:32:22.301516; -0.047; -0.037; 0.156
2025-12-09T08:32:22.096065; -0.057; 0.092; 0.073
2025-12-09T08:32:21.900800; 0.138; 0.051; 0.337
2025-12-09T08:32:21.700322; -0.292; -0.253; 0.123
2025-12-09T08:32:21.501062; -0.246; 0.213; 0.496
2025-12-09T08:32:21.294967; -0.030; 0.213; -0.376
2025-12-09T08:32:21.102492; 0.448; 0.207; -1.105
2025-12-09T08:32:20.900317; -0.826; 0.854; -1.949
2025-12-09T08:32:20.699517; -1.796; 0.008; -1.824
2025-12-09T08:32:20.500516; -1.935; 0.633; -2.232
2025-12-09T08:32:20.303876; -1.133; -3.139; 1.185
2025-12-09T08:32:20.101267; 0.984; -5.777; 2.687
2025-12-09T08:32:19.902627; -0.384; -3.273; 3.106
2025-12-09T08:32:19.704941; -0.417; 1.546; 1.218
2025-12-09T08:32:19.505058; -0.788; 0.626; 0.101
2025-12-09T08:32:19.303002; -0.568; -0.320; 0.079
2025-12-09T08:32:19.100349; -0.772; -0.057; 0.105
2025-12-09T08:32:18.898696; -1.082; 0.106; 0.150
2025-12-09T08:32:18.705456; -1.143; 0.121; 0.145
2025-12-09T08:32:18.504143; -1.311; -0.658; 1.288
2025-12-09T08:32:18.304769; -0.884; -10.517; 7.798
2025-12-09T08:32:18.099840; 1.284; -2.845; 1.458
2025-12-09T08:32:17.904744; -0.936; 5.180; -6.720
2025-12-09T08:32:17.703730; 0.371; 5.277; -4.058
2025-12-09T08:32:17.502557; 0.348; 1.694; 0.262
2025-12-09T08:32:17.298708; -0.197; -0.007; -0.013
2025-12-09T08:32:17.106054; -0.264; -0.120; 0.104
2025-12-09T08:32:16.904135; -0.308; 0.057; 0.192
2025-12-09T08:32:16.702825; -0.595; 0.187; 0.218
2025-12-09T08:32:16.502489; -0.596; 0.146; 0.358
2025-12-09T08:32:16.307709; -0.793; 0.145; 0.182
2025-12-09T08:32:16.104950; -1.097; 0.109; 0.539
2025-12-09T08:32:15.903842; -1.389; 0.026; 0.339
2025-12-09T08:32:15.704074; -1.206; -0.003; -1.440
2025-12-09T08:32:15.508478; -0.546; 0.555; -0.927
2025-12-09T08:32:15.307088; -0.479; -0.732; -1.700
2025-12-09T08:32:15.104533; -3.504; 0.215; -3.686
2025-12-09T08:32:14.902222; -0.932; -3.252; 1.050
2025-12-09T08:32:14.711894; 1.546; -2.160; 5.080
2025-12-09T08:32:14.507947; 0.374; -0.672; 3.533
2025-12-09T08:32:14.305845; 0.959; 2.053; 0.091
2025-12-09T08:32:14.104301; -0.005; 0.502; 0.097
2025-12-09T08:32:13.912606; 0.175; -0.068; 0.467
2025-12-09T08:32:13.709017; 0.235; -0.086; 0.488
2025-12-09T08:32:13.509655; 0.246; -0.089; 0.496
2025-12-09T08:32:13.311583; 0.237; -0.031; -0.226
2025-12-09T08:32:13.104587; 0.365; 0.068; -2.148
2025-12-09T08:32:12.904952; 5.822; 1.111; 13.149
2025-12-09T08:32:12.705413; -3.164; -5.005; -5.932
2025-12-09T08:32:12.512334; -2.279; -1.591; -8.589
2025-12-09T08:32:12.309992; -2.146; -1.493; -0.572
2025-12-09T08:32:12.107470; -0.820; -0.502; -0.351
2025-12-09T08:32:11.905232; 0.381; -0.386; 0.267
2025-12-09T08:32:11.712736; 0.546; -0.576; 0.554
2025-12-09T08:32:11.511722; -0.578; -0.365; -0.831
2025-12-09T08:32:11.308832; 0.798; -1.236; 0.326
2025-12-09T08:32:11.106755; -0.101; -0.258; -0.100
2025-12-09T08:32:10.914626; -0.397; -0.557; 0.028
2025-12-09T08:32:10.711995; -0.574; 0.594; -0.590
2025-12-09T08:32:10.511042; -1.148; -0.971; -0.047
2025-12-09T08:32:10.308460; -1.682; -1.719; 0.177
2025-12-09T08:32:10.114939; 1.100; 0.921; 0.547
2025-12-09T08:32:09.913893; 0.385; 1.660; -0.078
2025-12-09T08:32:09.712220; 0.182; 0.426; -0.010
2025-12-09T08:32:09.509144; -0.260; -0.081; -0.137
2025-12-09T08:32:09.317087; -0.077; -0.054; 0.120
2025-12-09T08:32:09.116014; 0.000; 0.000; 0.000
